Resultados das interpolacoes

Exemplo "b":
p2(x) = +1.0000x^2 -6.0000x +11.0000
P(2.5) = 2.250000000000000


Exemplo "c":
p2(x) = +0.6667x^2 -2.3333x +1.0000
P(1) = -0.666666666666667


Exemplo "d":
p4(x)= +2.0000x^4 -3.0000x^3 +0.0000x^2 +7.0000x -9.0000
P(3) = 93
